
//scene
scene 0,0,-2,0,1,0,2,720,720,0.5,0.5,0.5

//lights
light 0.5,-0.5,-1,0.5,0.5,0.5
light 0,-2,6,0.5,0.5,0.5,-1,2,-16,20

//default ball /w mirror
spher -1,0,-9,1,0.5,0.5,0.5,0,1,1,0,1,1,20 M

//green floor
plane -0.1,1,0.0,0,-2,0,100,100,0,0.5,0,0,0.7,0,0,0.8,0,20

//yellow wall
plane 0,0,1,0,0,-30,50,50,0.5,0.5,0,0.5,0.5,0,1,1,0,20 M

//mirror ball
spher 1.5,0,-9,1,0,0,0,0,0,0,1,1,1,20 M T

//blue ball
spher 1.5,2,-9,1,0,0,1,0,0,1,0,0,1,80 M

//green ball
spher -1.5,2,-9,1,0,1,0,0,1,0,0,1,0,80 M

//small red ball
spher 0,-0.9,-6,0.5,1,0,0,1,0,0,1,0,0,80 M